3673
22855
9152
30462
2040
3290
3828
28119
6982
1955
11202
28207
6974
29949
19244
19402
30752
378
12170
10098
22562
24778
2780
17399
10338
27358
14175
11379
14880
5196
24158
4050
16426
17910
331
30098
16535
22503
6414
12232
20152
13181
16285
11876
8524
24781
6093
6069
22771
835
26472
18992
2790
2441
6015
11117
25572
5290
3841
26738
30576
23160
7053
2868
3897
1835
23685
2395
3802
25162
25700
12358
16323
15055
1105
4687
6519
24198
30196
22864
23033
8374
22408
8806
640
13315
11825
18164
3186
23443
25232
14059
27280
14192
27541
18505
10862
12333
7061
8160
